{
 "cells": [
  {
   "cell_type": "code",
   "execution_count": 1,
   "metadata": {},
   "outputs": [
    {
     "name": "stderr",
     "output_type": "stream",
     "text": [
      "/Users/keithvella/anaconda/lib/python3.6/site-packages/sklearn/utils/linear_assignment_.py:21: DeprecationWarning: The linear_assignment_ module is deprecated in 0.21 and will be removed from 0.23. Use scipy.optimize.linear_sum_assignment instead.\n",
      "  DeprecationWarning)\n",
      "Did not use initialization regex that was passed: .*token_embedder_tokens\\._projection.*weight\n"
     ]
    }
   ],
   "source": [
    "import torch\n",
    "import matplotlib\n",
    "import matplotlib.pyplot as plt\n",
    "import seaborn as sns\n",
    "from tqdm import tqdm_notebook as tqdm\n",
    "import pandas as pd\n",
    "import csv\n",
    "import numpy as np\n",
    "import matplotlib\n",
    "import matplotlib.pyplot as plt\n",
    "import json\n",
    "import pandas as pd\n",
    "import nltk\n",
    "import re\n",
    "from nextSentencePredictionCopy import checkNextSentenceCopy\n",
    "from questionAskingDetectionCopy import checkQuestion\n",
    "from shortSafeAnswerCopy import checkShortSafeResponse\n",
    "from RepetitionMeasurementCopy import checkRepetitionInternal\n",
    "from RepetitionMeasurementCopy import checkRepetitionPartner\n",
    "from RepetitionMeasurementCopy import checkRepetitionExternal\n",
    "from nltk.translate.bleu_score import sentence_bleu\n",
    "from nltk.translate.bleu_score import corpus_bleu\n",
    "from nltk.translate.bleu_score import SmoothingFunction\n",
    "smoother = SmoothingFunction()"
   ]
  },
  {
   "cell_type": "code",
   "execution_count": 3,
   "metadata": {},
   "outputs": [
    {
     "name": "stderr",
     "output_type": "stream",
     "text": [
      "Widget Javascript not detected.  It may not be installed or enabled properly.\n"
     ]
    },
    {
     "data": {
      "application/vnd.jupyter.widget-view+json": {
       "model_id": "9705d04c66d44674ab0f94532fa43908"
      }
     },
     "metadata": {},
     "output_type": "display_data"
    }
   ],
   "source": [
    "df = pd.read_json ('data/summer_wild_evaluation_dialogs.json')\n",
    "dfObj = pd.DataFrame(columns = ['id',\n",
    "                                'statement', \n",
    "                                'response', \n",
    "                                'evalScore', \n",
    "                                'bleu', \n",
    "                                'nextSentence',\n",
    "                                'internalRepetition',\n",
    "                                'partnerRepetition', \n",
    "                                'externalRepetition',\n",
    "                                'responseType',\n",
    "                                'shortSafe',\n",
    "                                'entailmentNLI',\n",
    "                                'contradictionNLI',\n",
    "                                'neutralNLI'])\n",
    "\n",
    "pbar = tqdm(total=len(df))\n",
    "for i in range(0, len(df)):\n",
    "    history = ''\n",
    "    if (df['eval_score'][i] != 'null'):\n",
    "        if (len(df['dialog'][i])) > 2:\n",
    "            if ((df['dialog'][i][0]['sender_class']) == 'Bot'):\n",
    "                    skip_first = True\n",
    "            for j in range (0, len(df['dialog'][i])):\n",
    "                if skip_first:\n",
    "                    skip_first = False\n",
    "                else:\n",
    "                    if ((df['dialog'][i][j]['sender_class']) == (df['dialog'][i][j-1]['sender_class'])):\n",
    "                            continue\n",
    "                    else:\n",
    "                        if ((df['dialog'][i][j]['sender_class']) == 'Bot'):\n",
    "                            if ((df['dialog'][i][j]['text']) != 'Text is not given. Please try to type /end and /test to reset the state and get text.'):\n",
    "                                \n",
    "                            \n",
    "                                statement = (df['dialog'][i][j-1]['text'])\n",
    "                                statement = re.sub(r'[^\\w\\s]','',statement)\n",
    "                                statement = re.sub(r'\\n', ' ', statement)\n",
    "                                statement_list = statement.split()\n",
    "                                statement_list = [[x.lower() for x in statement_list]]\n",
    "                                \n",
    "                                history = history + ' ' +statement\n",
    "    \n",
    "                                response = (df['dialog'][i][j]['text'])\n",
    "                                response = re.sub(r'[^\\w\\s]','',response)\n",
    "                                response_list = response.split()\n",
    "                                response_list = [x.lower() for x in response_list]\n",
    "                               \n",
    "                                bleuScore = round(nltk.translate.bleu_score.sentence_bleu(statement_list, response_list,weights=(0.25,0.25),smoothing_function=smoother.method1),3)\n",
    "                                nextSentence = checkNextSentenceCopy.checkNextSentence(statement, response)\n",
    "                                responseType = checkQuestion.checkQuestionStatement(response)\n",
    "                                shortSafe = checkShortSafeResponse.checkShortSafe(statement, response)\n",
    "#                                 repetitionInternal = checkRepetitionInternal.check_internalRepetition(response)\n",
    "#                                 repetitionPartner = checkRepetitionPartner.check_partnerRepetition(statement, response)\n",
    "                                repetitionInternal = checkRepetitionInternal.intrep_repeated_ngram_frac(response, 1)\n",
    "                                repetitionPartner = checkRepetitionPartner.partnerrep_repeated_ngram_frac(statement, response, 2)\n",
    "                                repetitionExternal= checkRepetitionExternal.extrep_repeated_ngram_frac(history, response, 2)\n",
    "#                                 nliEntailment, nliContradiction, nliNeutral = (checkNextSentenceCopy.checkNLI(_hypothesis=response, _premise=statement))\n",
    "                \n",
    "                                dfObj = dfObj.append({'id': i, \n",
    "                                                      'statement': df['dialog'][i][j-1]['text'], \n",
    "                                                      'response': df['dialog'][i][j]['text'], \n",
    "                                                      'bleu': bleuScore, \n",
    "                                                      'nextSentence': nextSentence, \n",
    "                                                      'responseType':  responseType, \n",
    "                                                      'shortSafe': shortSafe, \n",
    "                                                      'internalRepetition': repetitionInternal, \n",
    "                                                      'partnerRepetition': repetitionPartner, \n",
    "                                                      'externalRepetition': repetitionExternal, \n",
    "#                                                       'entailmentNLI': nliEntailment,\n",
    "#                                                       'contradictionNLI': nliContradiction,\n",
    "#                                                       'neutralNLI': nliNeutral,\n",
    "                                                      'evalScore': df['eval_score'][i]\n",
    "                                                     }, \n",
    "                                                     ignore_index=True)\n",
    "                        else:\n",
    "                            continue\n",
    "    pbar.update(1)\n",
    "pbar.close()    \n",
    "dfObj.to_csv('data/summer_wild_evaluation_dialogs_final.csv', encoding='utf-8', index=False)"
   ]
  },
  {
   "cell_type": "code",
   "execution_count": null,
   "metadata": {
    "collapsed": true
   },
   "outputs": [],
   "source": [
    "# Experimenting with BLEU score weights"
   ]
  },
  {
   "cell_type": "code",
   "execution_count": 32,
   "metadata": {},
   "outputs": [
    {
     "data": {
      "application/vnd.jupyter.widget-view+json": {
       "model_id": "4c4c7b085bbf4f5e9c969acb6003fc5c"
      }
     },
     "metadata": {},
     "output_type": "display_data"
    }
   ],
   "source": [
    "df = pd.read_json ('data/summer_wild_evaluation_dialogs.json')\n",
    "dfObj = pd.DataFrame(columns = ['id',\n",
    "                                'statement', \n",
    "                                'response', \n",
    "                                'evalScore', \n",
    "                                'bleu', \n",
    "                                ])\n",
    "\n",
    "pbar = tqdm(total=len(df))\n",
    "for i in range(0, len(df)):\n",
    "    history = ''\n",
    "    if (df['eval_score'][i] != 'null'):\n",
    "        if (len(df['dialog'][i])) > 2:\n",
    "            if ((df['dialog'][i][0]['sender_class']) == 'Bot'):\n",
    "                    skip_first = True\n",
    "            for j in range (0, len(df['dialog'][i])):\n",
    "                if skip_first:\n",
    "                    skip_first = False\n",
    "                else:\n",
    "                    if ((df['dialog'][i][j]['sender_class']) == (df['dialog'][i][j-1]['sender_class'])):\n",
    "                            continue\n",
    "                    else:\n",
    "                        if ((df['dialog'][i][j]['sender_class']) == 'Bot'):\n",
    "                            if ((df['dialog'][i][j]['text']) != 'Text is not given. Please try to type /end and /test to reset the state and get text.'):\n",
    "                                \n",
    "                            \n",
    "                                statement = (df['dialog'][i][j-1]['text'])\n",
    "                                statement = re.sub(r'[^\\w\\s]','',statement)\n",
    "                                statement = re.sub(r'\\n', ' ', statement)\n",
    "                                statement_list = statement.split()\n",
    "                                statement_list = [[x.lower() for x in statement_list]]\n",
    "                                \n",
    "                                history = history + ' ' +statement\n",
    "    \n",
    "                                response = (df['dialog'][i][j]['text'])\n",
    "                                response = re.sub(r'[^\\w\\s]','',response)\n",
    "                                response_list = response.split()\n",
    "                                response_list = [x.lower() for x in response_list]\n",
    "                               \n",
    "                                bleuScore_0 = round(nltk.translate.bleu_score.sentence_bleu(statement_list, response_list,weights=(0,0),smoothing_function=smoother.method3),3)\n",
    "                                bleuScore_0_1 = round(nltk.translate.bleu_score.sentence_bleu(statement_list, response_list,weights=(0.1,0.1),smoothing_function=smoother.method3),3)\n",
    "                                bleuScore_0_2 = round(nltk.translate.bleu_score.sentence_bleu(statement_list, response_list,weights=(0.2,0.2),smoothing_function=smoother.method3),3)\n",
    "                                bleuScore_0_3 = round(nltk.translate.bleu_score.sentence_bleu(statement_list, response_list,weights=(0.3,0.3),smoothing_function=smoother.method3),3)\n",
    "                                bleuScore_0_4 = round(nltk.translate.bleu_score.sentence_bleu(statement_list, response_list,weights=(0.4,0.4),smoothing_function=smoother.method3),3)\n",
    "                                bleuScore_0_5 = round(nltk.translate.bleu_score.sentence_bleu(statement_list, response_list,weights=(0.5,0.5),smoothing_function=smoother.method3),3)\n",
    "                                bleuScore_0_6 = round(nltk.translate.bleu_score.sentence_bleu(statement_list, response_list,weights=(0.6,0.6),smoothing_function=smoother.method3),3)\n",
    "                                bleuScore_0_7 = round(nltk.translate.bleu_score.sentence_bleu(statement_list, response_list,weights=(0.7,0.7),smoothing_function=smoother.method3),3)\n",
    "                                bleuScore_0_8 = round(nltk.translate.bleu_score.sentence_bleu(statement_list, response_list,weights=(0.8,0.8),smoothing_function=smoother.method3),3)\n",
    "                                bleuScore_0_9 = round(nltk.translate.bleu_score.sentence_bleu(statement_list, response_list,weights=(0.9,0.9),smoothing_function=smoother.method3),3)\n",
    "                                bleuScore_1 = round(nltk.translate.bleu_score.sentence_bleu(statement_list, response_list,weights=(1,0.1),smoothing_function=smoother.method3),3)\n",
    "                                \n",
    "                                \n",
    "#                                 responseType = checkQuestion.checkQuestionStatement(response)\n",
    "#                                 shortSafe = checkShortSafeResponse.checkShortSafe(statement, response)\n",
    "# #                                 repetitionInternal = checkRepetitionInternal.check_internalRepetition(response)\n",
    "# #                                 repetitionPartner = checkRepetitionPartner.check_partnerRepetition(statement, response)\n",
    "#                                 repetitionInternal = checkRepetitionInternal.intrep_repeated_ngram_frac(response, 1)\n",
    "#                                 repetitionPartner = checkRepetitionPartner.partnerrep_repeated_ngram_frac(statement, response, 2)\n",
    "#                                 repetitionExternal= checkRepetitionExternal.extrep_repeated_ngram_frac(history, response, 2)\n",
    "# #                                 nliEntailment, nliContradiction, nliNeutral = (checkNextSentenceCopy.checkNLI(_hypothesis=response, _premise=statement))\n",
    "                \n",
    "                                dfObj = dfObj.append({'id': i, \n",
    "                                                      'statement': df['dialog'][i][j-1]['text'], \n",
    "                                                      'response': df['dialog'][i][j]['text'], \n",
    "                                                      'bleu_0': bleuScore_0,\n",
    "                                                      'bleu_0.1': bleuScore_0_1, \n",
    "                                                      'bleu_0.2': bleuScore_0_2, \n",
    "                                                      'bleu_0.3': bleuScore_0_3, \n",
    "                                                      'bleu_0.4': bleuScore_0_4, \n",
    "                                                      'bleu_0.5': bleuScore_0_5, \n",
    "                                                      'bleu_0.6': bleuScore_0_6, \n",
    "                                                      'bleu_0.7': bleuScore_0_7, \n",
    "                                                      'bleu_0.8': bleuScore_0_8, \n",
    "                                                      'bleu_0.9': bleuScore_0_9, \n",
    "                                                      'bleu_1': bleuScore_1, \n",
    "                                                      'evalScore': df['eval_score'][i]\n",
    "                                                     }, \n",
    "                                                     ignore_index=True)\n",
    "                        else:\n",
    "                            continue\n",
    "    pbar.update(1)\n",
    "pbar.close()    \n",
    "dfObj.to_csv('data/summer_wild_evaluation_dialogs_bleu.csv', encoding='utf-8', index=False)"
   ]
  },
  {
   "cell_type": "code",
   "execution_count": null,
   "metadata": {
    "collapsed": true
   },
   "outputs": [],
   "source": [
    "#Correlation between BLEU with smoothing 1 and Eval Score"
   ]
  },
  {
   "cell_type": "code",
   "execution_count": 21,
   "metadata": {
    "scrolled": false
   },
   "outputs": [
    {
     "data": {
      "text/html": [
       "<div>\n",
       "<style scoped>\n",
       "    .dataframe tbody tr th:only-of-type {\n",
       "        vertical-align: middle;\n",
       "    }\n",
       "\n",
       "    .dataframe tbody tr th {\n",
       "        vertical-align: top;\n",
       "    }\n",
       "\n",
       "    .dataframe thead th {\n",
       "        text-align: right;\n",
       "    }\n",
       "</style>\n",
       "<table border=\"1\" class=\"dataframe\">\n",
       "  <thead>\n",
       "    <tr style=\"text-align: right;\">\n",
       "      <th></th>\n",
       "      <th>evalScore</th>\n",
       "      <th>bleu</th>\n",
       "      <th>bleu_0</th>\n",
       "      <th>bleu_0.1</th>\n",
       "      <th>bleu_0.2</th>\n",
       "      <th>bleu_0.3</th>\n",
       "      <th>bleu_0.4</th>\n",
       "      <th>bleu_0.5</th>\n",
       "      <th>bleu_0.6</th>\n",
       "      <th>bleu_0.7</th>\n",
       "      <th>bleu_0.8</th>\n",
       "      <th>bleu_0.9</th>\n",
       "      <th>bleu_1</th>\n",
       "    </tr>\n",
       "  </thead>\n",
       "  <tbody>\n",
       "    <tr>\n",
       "      <th>evalScore</th>\n",
       "      <td>1.000000</td>\n",
       "      <td>NaN</td>\n",
       "      <td>0.060873</td>\n",
       "      <td>0.055419</td>\n",
       "      <td>0.045418</td>\n",
       "      <td>0.033849</td>\n",
       "      <td>0.023425</td>\n",
       "      <td>0.015026</td>\n",
       "      <td>0.008451</td>\n",
       "      <td>0.003483</td>\n",
       "      <td>-0.000433</td>\n",
       "      <td>-0.003480</td>\n",
       "      <td>0.031422</td>\n",
       "    </tr>\n",
       "    <tr>\n",
       "      <th>bleu</th>\n",
       "      <td>NaN</td>\n",
       "      <td>NaN</td>\n",
       "      <td>NaN</td>\n",
       "      <td>NaN</td>\n",
       "      <td>NaN</td>\n",
       "      <td>NaN</td>\n",
       "      <td>NaN</td>\n",
       "      <td>NaN</td>\n",
       "      <td>NaN</td>\n",
       "      <td>NaN</td>\n",
       "      <td>NaN</td>\n",
       "      <td>NaN</td>\n",
       "      <td>NaN</td>\n",
       "    </tr>\n",
       "    <tr>\n",
       "      <th>bleu_0</th>\n",
       "      <td>0.060873</td>\n",
       "      <td>NaN</td>\n",
       "      <td>1.000000</td>\n",
       "      <td>0.964156</td>\n",
       "      <td>0.861302</td>\n",
       "      <td>0.726486</td>\n",
       "      <td>0.598195</td>\n",
       "      <td>0.492408</td>\n",
       "      <td>0.409891</td>\n",
       "      <td>0.346769</td>\n",
       "      <td>0.296712</td>\n",
       "      <td>0.257637</td>\n",
       "      <td>0.620524</td>\n",
       "    </tr>\n",
       "    <tr>\n",
       "      <th>bleu_0.1</th>\n",
       "      <td>0.055419</td>\n",
       "      <td>NaN</td>\n",
       "      <td>0.964156</td>\n",
       "      <td>1.000000</td>\n",
       "      <td>0.964578</td>\n",
       "      <td>0.879232</td>\n",
       "      <td>0.780219</td>\n",
       "      <td>0.688482</td>\n",
       "      <td>0.609936</td>\n",
       "      <td>0.544431</td>\n",
       "      <td>0.488458</td>\n",
       "      <td>0.441166</td>\n",
       "      <td>0.785757</td>\n",
       "    </tr>\n",
       "    <tr>\n",
       "      <th>bleu_0.2</th>\n",
       "      <td>0.045418</td>\n",
       "      <td>NaN</td>\n",
       "      <td>0.861302</td>\n",
       "      <td>0.964578</td>\n",
       "      <td>1.000000</td>\n",
       "      <td>0.973173</td>\n",
       "      <td>0.914503</td>\n",
       "      <td>0.847508</td>\n",
       "      <td>0.782409</td>\n",
       "      <td>0.722547</td>\n",
       "      <td>0.667365</td>\n",
       "      <td>0.617381</td>\n",
       "      <td>0.900728</td>\n",
       "    </tr>\n",
       "    <tr>\n",
       "      <th>bleu_0.3</th>\n",
       "      <td>0.033849</td>\n",
       "      <td>NaN</td>\n",
       "      <td>0.726486</td>\n",
       "      <td>0.879232</td>\n",
       "      <td>0.973173</td>\n",
       "      <td>1.000000</td>\n",
       "      <td>0.982560</td>\n",
       "      <td>0.944391</td>\n",
       "      <td>0.898337</td>\n",
       "      <td>0.850236</td>\n",
       "      <td>0.801907</td>\n",
       "      <td>0.755018</td>\n",
       "      <td>0.952106</td>\n",
       "    </tr>\n",
       "    <tr>\n",
       "      <th>bleu_0.4</th>\n",
       "      <td>0.023425</td>\n",
       "      <td>NaN</td>\n",
       "      <td>0.598195</td>\n",
       "      <td>0.780219</td>\n",
       "      <td>0.914503</td>\n",
       "      <td>0.982560</td>\n",
       "      <td>1.000000</td>\n",
       "      <td>0.988705</td>\n",
       "      <td>0.962553</td>\n",
       "      <td>0.928740</td>\n",
       "      <td>0.890613</td>\n",
       "      <td>0.850609</td>\n",
       "      <td>0.958013</td>\n",
       "    </tr>\n",
       "    <tr>\n",
       "      <th>bleu_0.5</th>\n",
       "      <td>0.015026</td>\n",
       "      <td>NaN</td>\n",
       "      <td>0.492408</td>\n",
       "      <td>0.688482</td>\n",
       "      <td>0.847508</td>\n",
       "      <td>0.944391</td>\n",
       "      <td>0.988705</td>\n",
       "      <td>1.000000</td>\n",
       "      <td>0.992071</td>\n",
       "      <td>0.972628</td>\n",
       "      <td>0.945814</td>\n",
       "      <td>0.914491</td>\n",
       "      <td>0.940075</td>\n",
       "    </tr>\n",
       "    <tr>\n",
       "      <th>bleu_0.6</th>\n",
       "      <td>0.008451</td>\n",
       "      <td>NaN</td>\n",
       "      <td>0.409891</td>\n",
       "      <td>0.609936</td>\n",
       "      <td>0.782409</td>\n",
       "      <td>0.898337</td>\n",
       "      <td>0.962553</td>\n",
       "      <td>0.992071</td>\n",
       "      <td>1.000000</td>\n",
       "      <td>0.993964</td>\n",
       "      <td>0.978413</td>\n",
       "      <td>0.956356</td>\n",
       "      <td>0.910886</td>\n",
       "    </tr>\n",
       "    <tr>\n",
       "      <th>bleu_0.7</th>\n",
       "      <td>0.003483</td>\n",
       "      <td>NaN</td>\n",
       "      <td>0.346769</td>\n",
       "      <td>0.544431</td>\n",
       "      <td>0.722547</td>\n",
       "      <td>0.850236</td>\n",
       "      <td>0.928740</td>\n",
       "      <td>0.972628</td>\n",
       "      <td>0.993964</td>\n",
       "      <td>1.000000</td>\n",
       "      <td>0.995092</td>\n",
       "      <td>0.982240</td>\n",
       "      <td>0.876844</td>\n",
       "    </tr>\n",
       "    <tr>\n",
       "      <th>bleu_0.8</th>\n",
       "      <td>-0.000433</td>\n",
       "      <td>NaN</td>\n",
       "      <td>0.296712</td>\n",
       "      <td>0.488458</td>\n",
       "      <td>0.667365</td>\n",
       "      <td>0.801907</td>\n",
       "      <td>0.890613</td>\n",
       "      <td>0.945814</td>\n",
       "      <td>0.978413</td>\n",
       "      <td>0.995092</td>\n",
       "      <td>1.000000</td>\n",
       "      <td>0.995928</td>\n",
       "      <td>0.839967</td>\n",
       "    </tr>\n",
       "    <tr>\n",
       "      <th>bleu_0.9</th>\n",
       "      <td>-0.003480</td>\n",
       "      <td>NaN</td>\n",
       "      <td>0.257637</td>\n",
       "      <td>0.441166</td>\n",
       "      <td>0.617381</td>\n",
       "      <td>0.755018</td>\n",
       "      <td>0.850609</td>\n",
       "      <td>0.914491</td>\n",
       "      <td>0.956356</td>\n",
       "      <td>0.982240</td>\n",
       "      <td>0.995928</td>\n",
       "      <td>1.000000</td>\n",
       "      <td>0.802507</td>\n",
       "    </tr>\n",
       "    <tr>\n",
       "      <th>bleu_1</th>\n",
       "      <td>0.031422</td>\n",
       "      <td>NaN</td>\n",
       "      <td>0.620524</td>\n",
       "      <td>0.785757</td>\n",
       "      <td>0.900728</td>\n",
       "      <td>0.952106</td>\n",
       "      <td>0.958013</td>\n",
       "      <td>0.940075</td>\n",
       "      <td>0.910886</td>\n",
       "      <td>0.876844</td>\n",
       "      <td>0.839967</td>\n",
       "      <td>0.802507</td>\n",
       "      <td>1.000000</td>\n",
       "    </tr>\n",
       "  </tbody>\n",
       "</table>\n",
       "</div>"
      ],
      "text/plain": [
       "           evalScore  bleu    bleu_0  bleu_0.1  bleu_0.2  bleu_0.3  bleu_0.4  \\\n",
       "evalScore   1.000000   NaN  0.060873  0.055419  0.045418  0.033849  0.023425   \n",
       "bleu             NaN   NaN       NaN       NaN       NaN       NaN       NaN   \n",
       "bleu_0      0.060873   NaN  1.000000  0.964156  0.861302  0.726486  0.598195   \n",
       "bleu_0.1    0.055419   NaN  0.964156  1.000000  0.964578  0.879232  0.780219   \n",
       "bleu_0.2    0.045418   NaN  0.861302  0.964578  1.000000  0.973173  0.914503   \n",
       "bleu_0.3    0.033849   NaN  0.726486  0.879232  0.973173  1.000000  0.982560   \n",
       "bleu_0.4    0.023425   NaN  0.598195  0.780219  0.914503  0.982560  1.000000   \n",
       "bleu_0.5    0.015026   NaN  0.492408  0.688482  0.847508  0.944391  0.988705   \n",
       "bleu_0.6    0.008451   NaN  0.409891  0.609936  0.782409  0.898337  0.962553   \n",
       "bleu_0.7    0.003483   NaN  0.346769  0.544431  0.722547  0.850236  0.928740   \n",
       "bleu_0.8   -0.000433   NaN  0.296712  0.488458  0.667365  0.801907  0.890613   \n",
       "bleu_0.9   -0.003480   NaN  0.257637  0.441166  0.617381  0.755018  0.850609   \n",
       "bleu_1      0.031422   NaN  0.620524  0.785757  0.900728  0.952106  0.958013   \n",
       "\n",
       "           bleu_0.5  bleu_0.6  bleu_0.7  bleu_0.8  bleu_0.9    bleu_1  \n",
       "evalScore  0.015026  0.008451  0.003483 -0.000433 -0.003480  0.031422  \n",
       "bleu            NaN       NaN       NaN       NaN       NaN       NaN  \n",
       "bleu_0     0.492408  0.409891  0.346769  0.296712  0.257637  0.620524  \n",
       "bleu_0.1   0.688482  0.609936  0.544431  0.488458  0.441166  0.785757  \n",
       "bleu_0.2   0.847508  0.782409  0.722547  0.667365  0.617381  0.900728  \n",
       "bleu_0.3   0.944391  0.898337  0.850236  0.801907  0.755018  0.952106  \n",
       "bleu_0.4   0.988705  0.962553  0.928740  0.890613  0.850609  0.958013  \n",
       "bleu_0.5   1.000000  0.992071  0.972628  0.945814  0.914491  0.940075  \n",
       "bleu_0.6   0.992071  1.000000  0.993964  0.978413  0.956356  0.910886  \n",
       "bleu_0.7   0.972628  0.993964  1.000000  0.995092  0.982240  0.876844  \n",
       "bleu_0.8   0.945814  0.978413  0.995092  1.000000  0.995928  0.839967  \n",
       "bleu_0.9   0.914491  0.956356  0.982240  0.995928  1.000000  0.802507  \n",
       "bleu_1     0.940075  0.910886  0.876844  0.839967  0.802507  1.000000  "
      ]
     },
     "execution_count": 21,
     "metadata": {},
     "output_type": "execute_result"
    }
   ],
   "source": [
    "full_data_final = pd.read_csv('data/summer_wild_evaluation_dialogs_bleu.csv', error_bad_lines=False)\n",
    "del full_data_final['id']\n",
    "full_data_final.corr(method ='pearson') "
   ]
  },
  {
   "cell_type": "code",
   "execution_count": null,
   "metadata": {
    "collapsed": true
   },
   "outputs": [],
   "source": [
    "#Correlation between BLEU with smoothing 2 and Eval Score"
   ]
  },
  {
   "cell_type": "code",
   "execution_count": 27,
   "metadata": {
    "scrolled": false
   },
   "outputs": [
    {
     "data": {
      "text/html": [
       "<div>\n",
       "<style scoped>\n",
       "    .dataframe tbody tr th:only-of-type {\n",
       "        vertical-align: middle;\n",
       "    }\n",
       "\n",
       "    .dataframe tbody tr th {\n",
       "        vertical-align: top;\n",
       "    }\n",
       "\n",
       "    .dataframe thead th {\n",
       "        text-align: right;\n",
       "    }\n",
       "</style>\n",
       "<table border=\"1\" class=\"dataframe\">\n",
       "  <thead>\n",
       "    <tr style=\"text-align: right;\">\n",
       "      <th></th>\n",
       "      <th>evalScore</th>\n",
       "      <th>bleu</th>\n",
       "      <th>bleu_0</th>\n",
       "      <th>bleu_0.1</th>\n",
       "      <th>bleu_0.2</th>\n",
       "      <th>bleu_0.3</th>\n",
       "      <th>bleu_0.4</th>\n",
       "      <th>bleu_0.5</th>\n",
       "      <th>bleu_0.6</th>\n",
       "      <th>bleu_0.7</th>\n",
       "      <th>bleu_0.8</th>\n",
       "      <th>bleu_0.9</th>\n",
       "      <th>bleu_1</th>\n",
       "    </tr>\n",
       "  </thead>\n",
       "  <tbody>\n",
       "    <tr>\n",
       "      <th>evalScore</th>\n",
       "      <td>1.000000</td>\n",
       "      <td>NaN</td>\n",
       "      <td>0.060873</td>\n",
       "      <td>0.058917</td>\n",
       "      <td>0.055260</td>\n",
       "      <td>0.050226</td>\n",
       "      <td>0.044294</td>\n",
       "      <td>0.037984</td>\n",
       "      <td>0.031734</td>\n",
       "      <td>0.025871</td>\n",
       "      <td>0.020602</td>\n",
       "      <td>0.015911</td>\n",
       "      <td>0.042579</td>\n",
       "    </tr>\n",
       "    <tr>\n",
       "      <th>bleu</th>\n",
       "      <td>NaN</td>\n",
       "      <td>NaN</td>\n",
       "      <td>NaN</td>\n",
       "      <td>NaN</td>\n",
       "      <td>NaN</td>\n",
       "      <td>NaN</td>\n",
       "      <td>NaN</td>\n",
       "      <td>NaN</td>\n",
       "      <td>NaN</td>\n",
       "      <td>NaN</td>\n",
       "      <td>NaN</td>\n",
       "      <td>NaN</td>\n",
       "      <td>NaN</td>\n",
       "    </tr>\n",
       "    <tr>\n",
       "      <th>bleu_0</th>\n",
       "      <td>0.060873</td>\n",
       "      <td>NaN</td>\n",
       "      <td>1.000000</td>\n",
       "      <td>0.988961</td>\n",
       "      <td>0.955498</td>\n",
       "      <td>0.901932</td>\n",
       "      <td>0.833260</td>\n",
       "      <td>0.756464</td>\n",
       "      <td>0.677183</td>\n",
       "      <td>0.601090</td>\n",
       "      <td>0.531408</td>\n",
       "      <td>0.468147</td>\n",
       "      <td>0.766555</td>\n",
       "    </tr>\n",
       "    <tr>\n",
       "      <th>bleu_0.1</th>\n",
       "      <td>0.058917</td>\n",
       "      <td>NaN</td>\n",
       "      <td>0.988961</td>\n",
       "      <td>1.000000</td>\n",
       "      <td>0.988545</td>\n",
       "      <td>0.955293</td>\n",
       "      <td>0.904067</td>\n",
       "      <td>0.841030</td>\n",
       "      <td>0.771869</td>\n",
       "      <td>0.702397</td>\n",
       "      <td>0.636379</td>\n",
       "      <td>0.574611</td>\n",
       "      <td>0.848045</td>\n",
       "    </tr>\n",
       "    <tr>\n",
       "      <th>bleu_0.2</th>\n",
       "      <td>0.055260</td>\n",
       "      <td>NaN</td>\n",
       "      <td>0.955498</td>\n",
       "      <td>0.988545</td>\n",
       "      <td>1.000000</td>\n",
       "      <td>0.988860</td>\n",
       "      <td>0.957575</td>\n",
       "      <td>0.911234</td>\n",
       "      <td>0.855298</td>\n",
       "      <td>0.795493</td>\n",
       "      <td>0.735975</td>\n",
       "      <td>0.678275</td>\n",
       "      <td>0.914220</td>\n",
       "    </tr>\n",
       "    <tr>\n",
       "      <th>bleu_0.3</th>\n",
       "      <td>0.050226</td>\n",
       "      <td>NaN</td>\n",
       "      <td>0.901932</td>\n",
       "      <td>0.955293</td>\n",
       "      <td>0.988860</td>\n",
       "      <td>1.000000</td>\n",
       "      <td>0.989700</td>\n",
       "      <td>0.961804</td>\n",
       "      <td>0.921285</td>\n",
       "      <td>0.873570</td>\n",
       "      <td>0.823018</td>\n",
       "      <td>0.771780</td>\n",
       "      <td>0.960051</td>\n",
       "    </tr>\n",
       "    <tr>\n",
       "      <th>bleu_0.4</th>\n",
       "      <td>0.044294</td>\n",
       "      <td>NaN</td>\n",
       "      <td>0.833260</td>\n",
       "      <td>0.904067</td>\n",
       "      <td>0.957575</td>\n",
       "      <td>0.989700</td>\n",
       "      <td>1.000000</td>\n",
       "      <td>0.990985</td>\n",
       "      <td>0.966950</td>\n",
       "      <td>0.932840</td>\n",
       "      <td>0.893028</td>\n",
       "      <td>0.850136</td>\n",
       "      <td>0.984235</td>\n",
       "    </tr>\n",
       "    <tr>\n",
       "      <th>bleu_0.5</th>\n",
       "      <td>0.037984</td>\n",
       "      <td>NaN</td>\n",
       "      <td>0.756464</td>\n",
       "      <td>0.841030</td>\n",
       "      <td>0.911234</td>\n",
       "      <td>0.961804</td>\n",
       "      <td>0.990985</td>\n",
       "      <td>1.000000</td>\n",
       "      <td>0.992318</td>\n",
       "      <td>0.972288</td>\n",
       "      <td>0.944127</td>\n",
       "      <td>0.910754</td>\n",
       "      <td>0.988265</td>\n",
       "    </tr>\n",
       "    <tr>\n",
       "      <th>bleu_0.6</th>\n",
       "      <td>0.031734</td>\n",
       "      <td>NaN</td>\n",
       "      <td>0.677183</td>\n",
       "      <td>0.771869</td>\n",
       "      <td>0.855298</td>\n",
       "      <td>0.921285</td>\n",
       "      <td>0.966950</td>\n",
       "      <td>0.992318</td>\n",
       "      <td>1.000000</td>\n",
       "      <td>0.993670</td>\n",
       "      <td>0.977272</td>\n",
       "      <td>0.953873</td>\n",
       "      <td>0.975991</td>\n",
       "    </tr>\n",
       "    <tr>\n",
       "      <th>bleu_0.7</th>\n",
       "      <td>0.025871</td>\n",
       "      <td>NaN</td>\n",
       "      <td>0.601090</td>\n",
       "      <td>0.702397</td>\n",
       "      <td>0.795493</td>\n",
       "      <td>0.873570</td>\n",
       "      <td>0.932840</td>\n",
       "      <td>0.972288</td>\n",
       "      <td>0.993670</td>\n",
       "      <td>1.000000</td>\n",
       "      <td>0.994841</td>\n",
       "      <td>0.981283</td>\n",
       "      <td>0.951906</td>\n",
       "    </tr>\n",
       "    <tr>\n",
       "      <th>bleu_0.8</th>\n",
       "      <td>0.020602</td>\n",
       "      <td>NaN</td>\n",
       "      <td>0.531408</td>\n",
       "      <td>0.636379</td>\n",
       "      <td>0.735975</td>\n",
       "      <td>0.823018</td>\n",
       "      <td>0.893028</td>\n",
       "      <td>0.944127</td>\n",
       "      <td>0.977272</td>\n",
       "      <td>0.994841</td>\n",
       "      <td>1.000000</td>\n",
       "      <td>0.995717</td>\n",
       "      <td>0.920179</td>\n",
       "    </tr>\n",
       "    <tr>\n",
       "      <th>bleu_0.9</th>\n",
       "      <td>0.015911</td>\n",
       "      <td>NaN</td>\n",
       "      <td>0.468147</td>\n",
       "      <td>0.574611</td>\n",
       "      <td>0.678275</td>\n",
       "      <td>0.771780</td>\n",
       "      <td>0.850136</td>\n",
       "      <td>0.910754</td>\n",
       "      <td>0.953873</td>\n",
       "      <td>0.981283</td>\n",
       "      <td>0.995717</td>\n",
       "      <td>1.000000</td>\n",
       "      <td>0.884004</td>\n",
       "    </tr>\n",
       "    <tr>\n",
       "      <th>bleu_1</th>\n",
       "      <td>0.042579</td>\n",
       "      <td>NaN</td>\n",
       "      <td>0.766555</td>\n",
       "      <td>0.848045</td>\n",
       "      <td>0.914220</td>\n",
       "      <td>0.960051</td>\n",
       "      <td>0.984235</td>\n",
       "      <td>0.988265</td>\n",
       "      <td>0.975991</td>\n",
       "      <td>0.951906</td>\n",
       "      <td>0.920179</td>\n",
       "      <td>0.884004</td>\n",
       "      <td>1.000000</td>\n",
       "    </tr>\n",
       "  </tbody>\n",
       "</table>\n",
       "</div>"
      ],
      "text/plain": [
       "           evalScore  bleu    bleu_0  bleu_0.1  bleu_0.2  bleu_0.3  bleu_0.4  \\\n",
       "evalScore   1.000000   NaN  0.060873  0.058917  0.055260  0.050226  0.044294   \n",
       "bleu             NaN   NaN       NaN       NaN       NaN       NaN       NaN   \n",
       "bleu_0      0.060873   NaN  1.000000  0.988961  0.955498  0.901932  0.833260   \n",
       "bleu_0.1    0.058917   NaN  0.988961  1.000000  0.988545  0.955293  0.904067   \n",
       "bleu_0.2    0.055260   NaN  0.955498  0.988545  1.000000  0.988860  0.957575   \n",
       "bleu_0.3    0.050226   NaN  0.901932  0.955293  0.988860  1.000000  0.989700   \n",
       "bleu_0.4    0.044294   NaN  0.833260  0.904067  0.957575  0.989700  1.000000   \n",
       "bleu_0.5    0.037984   NaN  0.756464  0.841030  0.911234  0.961804  0.990985   \n",
       "bleu_0.6    0.031734   NaN  0.677183  0.771869  0.855298  0.921285  0.966950   \n",
       "bleu_0.7    0.025871   NaN  0.601090  0.702397  0.795493  0.873570  0.932840   \n",
       "bleu_0.8    0.020602   NaN  0.531408  0.636379  0.735975  0.823018  0.893028   \n",
       "bleu_0.9    0.015911   NaN  0.468147  0.574611  0.678275  0.771780  0.850136   \n",
       "bleu_1      0.042579   NaN  0.766555  0.848045  0.914220  0.960051  0.984235   \n",
       "\n",
       "           bleu_0.5  bleu_0.6  bleu_0.7  bleu_0.8  bleu_0.9    bleu_1  \n",
       "evalScore  0.037984  0.031734  0.025871  0.020602  0.015911  0.042579  \n",
       "bleu            NaN       NaN       NaN       NaN       NaN       NaN  \n",
       "bleu_0     0.756464  0.677183  0.601090  0.531408  0.468147  0.766555  \n",
       "bleu_0.1   0.841030  0.771869  0.702397  0.636379  0.574611  0.848045  \n",
       "bleu_0.2   0.911234  0.855298  0.795493  0.735975  0.678275  0.914220  \n",
       "bleu_0.3   0.961804  0.921285  0.873570  0.823018  0.771780  0.960051  \n",
       "bleu_0.4   0.990985  0.966950  0.932840  0.893028  0.850136  0.984235  \n",
       "bleu_0.5   1.000000  0.992318  0.972288  0.944127  0.910754  0.988265  \n",
       "bleu_0.6   0.992318  1.000000  0.993670  0.977272  0.953873  0.975991  \n",
       "bleu_0.7   0.972288  0.993670  1.000000  0.994841  0.981283  0.951906  \n",
       "bleu_0.8   0.944127  0.977272  0.994841  1.000000  0.995717  0.920179  \n",
       "bleu_0.9   0.910754  0.953873  0.981283  0.995717  1.000000  0.884004  \n",
       "bleu_1     0.988265  0.975991  0.951906  0.920179  0.884004  1.000000  "
      ]
     },
     "execution_count": 27,
     "metadata": {},
     "output_type": "execute_result"
    }
   ],
   "source": [
    "full_data_final = pd.read_csv('data/summer_wild_evaluation_dialogs_bleu.csv', error_bad_lines=False)\n",
    "del full_data_final['id']\n",
    "full_data_final.corr(method ='pearson') "
   ]
  },
  {
   "cell_type": "code",
   "execution_count": 33,
   "metadata": {
    "collapsed": true
   },
   "outputs": [],
   "source": [
    "#Correlation between BLEU with smoothing 3 and Eval Score"
   ]
  },
  {
   "cell_type": "code",
   "execution_count": 34,
   "metadata": {
    "scrolled": false
   },
   "outputs": [
    {
     "data": {
      "text/html": [
       "<div>\n",
       "<style scoped>\n",
       "    .dataframe tbody tr th:only-of-type {\n",
       "        vertical-align: middle;\n",
       "    }\n",
       "\n",
       "    .dataframe tbody tr th {\n",
       "        vertical-align: top;\n",
       "    }\n",
       "\n",
       "    .dataframe thead th {\n",
       "        text-align: right;\n",
       "    }\n",
       "</style>\n",
       "<table border=\"1\" class=\"dataframe\">\n",
       "  <thead>\n",
       "    <tr style=\"text-align: right;\">\n",
       "      <th></th>\n",
       "      <th>evalScore</th>\n",
       "      <th>bleu</th>\n",
       "      <th>bleu_0</th>\n",
       "      <th>bleu_0.1</th>\n",
       "      <th>bleu_0.2</th>\n",
       "      <th>bleu_0.3</th>\n",
       "      <th>bleu_0.4</th>\n",
       "      <th>bleu_0.5</th>\n",
       "      <th>bleu_0.6</th>\n",
       "      <th>bleu_0.7</th>\n",
       "      <th>bleu_0.8</th>\n",
       "      <th>bleu_0.9</th>\n",
       "      <th>bleu_1</th>\n",
       "    </tr>\n",
